epoch,total_loss,vq_loss,atom_loss,chiral_loss
1,8.350221168049766,2.531238130443846,3.2614733527993303,2.557509699440978
2,7.030599844730114,3.174736235452735,2.3891252818924693,1.4667383289093252
3,6.069274568801646,2.741493182414023,2.059224405709435,1.2685569878429404
4,5.512960441886921,1.4991548445142444,2.391195278795784,1.6226103098496147
5,4.818369751391203,0.927216167911849,2.268352877758348,1.6228006980608187
6,4.275115898807945,0.4326206101652454,2.1010456008984306,1.7414496877156864
7,3.9694762135405677,0.38611881444445045,2.127151435141063,1.4562059717105174
8,3.998004971867632,0.8345372248964998,1.8076637341543231,1.3558040146175248
9,3.807855250890298,0.8103789850936064,1.724624808182192,1.2728514534890498
10,3.6604068340242977,0.7639448106755762,1.77566986658689,1.1207921521742936
11,3.5513966626218516,0.731497407969459,1.6398177737622615,1.1800814859016473
12,2.798809989029184,0.11100273813737933,1.6100921922022728,1.0777150559455841
13,2.722891043214237,0.1078752617606574,1.5626864517131425,1.0523293320175326
14,2.8395707732271354,0.21873943632244683,1.514984496109321,1.1058468416218867
15,3.3170087175905856,0.6830179870100049,1.677712673116523,0.9562780482842185
16,2.8622707375480085,0.3967734039058466,1.5147064378499375,0.9507908929339455
17,3.7523727654801,1.2968082454703425,1.5253666924393696,0.9301978279562557
18,4.500145817961534,2.1298922491271783,1.407369192603909,0.9628843650641039
19,4.0322940840440635,1.6615471196696734,1.3768055801806243,0.9939413812306835
20,6.796284221322336,4.500390335117155,1.3689145689730144,0.9269793244731396
21,8.018603165741162,5.741019219388742,1.382554636739404,0.8950293065641847
22,6.441684888147027,4.152518426327754,1.3655368156750183,0.9236296427524303
23,5.568085912853251,3.3371968274111943,1.3347895992991259,0.8960994879912842
24,4.641506102688782,2.2537810678315133,1.3294850221985137,1.0582400123633997
25,3.2681869030608546,0.9705228008844359,1.2788147651935782,1.0188493316283311
26,4.3345693581549405,1.9745792316563446,1.3372941509537075,1.0226959679132837
27,4.29590667483142,1.9401222534068023,1.3748455651275946,0.9809388556443822
28,3.2100197890835345,0.8926641744230409,1.3796073324844966,0.9377482751446307
29,4.645584323522075,2.255147122694632,1.379670769509757,1.0107664381299177
30,3.875054731698292,1.3791018557708588,1.496833503398749,0.9991193688129221
31,2.5209806486773676,0.12990183720979698,1.422168851508509,0.9689099609546954
32,2.454433693910194,0.07942203363246472,1.4367422943224992,0.9382693740108129
33,2.5168288656512794,0.10609316934957681,1.4207686771212331,0.9899670215671325
34,4.7921433622574865,2.254352644817127,1.554332529644832,0.9834581883362187
35,3.0563017239655985,0.5615138461351242,1.5543352180277294,0.9404526642521324
36,5.248043795680756,2.8203783733460606,1.4331566837742507,0.9945087481642623
37,6.831234015772105,4.385278937313944,1.4944857392469635,0.9514693360956733
38,2.9874556040215063,0.5886344023720573,1.4660380485722475,0.9327831610541819
39,5.917157755483447,3.47258631452737,1.4763917139424083,0.9681797356861631
40,2.7006808199236154,0.2756206794067874,1.4299397217038343,0.9951204261206605
41,3.462969863201346,1.1063905394900486,1.3695849221380776,0.9869944040122849
42,3.1473566735796914,0.8207781963869739,1.3780897645389332,0.9484887138352065
43,3.4858441935170945,1.159229360940054,1.3407194791242594,0.9858953557203493
44,4.185627804082983,1.7586787098737628,1.4862444742256418,0.9407046193357014
45,2.506894017729308,0.1263798403379786,1.308239438192314,1.0722747378794433
46,2.457892026437823,0.0914207020645861,1.410093626402833,0.9563776917012451
47,2.4508357669996177,0.0706277067017982,1.4414121763175711,0.9387958876007353
48,2.7219242092288667,0.26245041867322705,1.5472017070826363,0.9122720862288609
49,2.704625821174563,0.18962452676185332,1.4544167404284563,1.060584557635705
50,4.332534190334018,1.7218698481159747,1.6220892330874568,0.9885751113409886
51,2.5910050530567803,0.1344114997664757,1.4558456117844643,1.0007479348603416
52,2.925116643881249,0.42105413786114176,1.576035878542439,0.9280266305217353
53,2.4974771780736003,0.02855099823571208,1.543916685349496,0.9250094913460715
54,2.5785648106309154,0.07923919356563855,1.5000431726655692,0.9992824420142357
55,5.966325957147057,3.465252486755476,1.5099534050887808,0.9911200985731676
56,3.728031735895845,1.271160250715435,1.5057725336240686,0.9510989550434416
57,2.908868367104884,0.446473846316833,1.52575564735076,0.9366388671538409
58,2.990061152011842,0.493590974431161,1.5393324860221589,0.957137687050778
59,2.532298322223946,0.05259599881913618,1.5390520204058693,0.9406503034979486
60,2.505024866374862,0.041351146865016813,1.531558375834199,0.9321153391047817
61,2.496585634663282,0.03199162612290448,1.528199181837194,0.9363948273689241
62,2.4866124001305425,0.02236422011866937,1.5341026020781767,0.9301455826558116
63,2.49354471788382,0.020384316837005412,1.5315749262604872,0.9415854785753333
64,2.662507366036515,0.11341713116470906,1.5899852683477085,0.9591049648764188
65,2.4980787807108498,0.008653639610011197,1.5404486403135997,0.9489765033087767
66,2.4830094039287713,0.006568395102288231,1.5268090670675878,0.9496319412118028
67,2.45040275556657,0.00358738497886902,1.4996959237796266,0.9471194481910648
68,2.7391689747495724,0.291565262676512,1.5425154589631063,0.9050882456400206
69,3.453816905350941,0.9199897540004357,1.4998291547950882,1.0339980024815825
70,5.496969130947766,2.9856956477808145,1.6457760855364982,0.8654973948245768
71,3.8321975987890493,1.2854981423948733,1.4734009773377568,1.073298479437523
72,6.0919310482566615,3.4432472049513514,1.7140619842445148,0.9346218439166808
73,2.990422631163731,0.42871888030482375,1.5935891269113096,0.9681146172306422
74,2.857269023690382,0.3612974957393868,1.5135200677625358,0.982451462989573
75,2.776860814265278,0.2831146929060559,1.517623319650245,0.9761227989745567
76,2.679595470428467,0.19386169843166076,1.511993910040697,0.9737398687683408
77,5.776141854503271,3.252788775055038,1.568890423725938,0.9544626568894252
78,5.718134116943535,3.1523017624054877,1.571448569864873,0.9943837816910366
79,4.512758698000018,2.0686942051781716,1.5505673947846492,0.8934970929494599
80,4.519898309122266,2.0658844912715275,1.346350209030044,1.1076636137559897
81,4.858875616432151,2.273650236780305,1.6449401181981997,0.94028526453106
82,7.730144761407467,5.054539961063915,1.5460489567588358,1.129555838644657
83,5.059943233914388,2.4899359690573286,1.5394730369758118,1.0305342274096312
84,5.788130794949544,3.0760250240183242,1.5956179662738614,1.1164878029423906
85,2.7696795222704367,0.2837828556861719,1.61923090881094,0.8666657641949251
86,4.647339079386133,2.1785633056531744,1.5234318157596052,0.9453439696136948
87,2.4762670908437667,0.06484360955334019,1.4996465683898048,0.9117769063891047
88,2.4314223726082336,0.03745782061103645,1.4660396714649542,0.9279248801338703
89,2.4132988608401753,0.02188262819875832,1.4558032444675866,0.9356129930909637
90,2.4510322236039146,0.05111492792968555,1.4666495189032591,0.9332677728074896
91,7.9354091928438155,5.362917893759125,1.5014749541307044,1.0710163496796736
92,3.721685875102382,1.220751057138376,1.5435514988191903,0.957383316572365
93,2.7859600093358616,0.21873314080335904,1.7053890569740549,0.8618378149883826
94,2.61023010225857,0.14282657151751202,1.4281016391561465,1.0393018879548972
95,2.5221290396302556,0.05456189394397352,1.5222239662009431,0.945343183358307
96,2.622353875423636,0.14015064492364368,1.513335048237725,0.9688681845012528
97,2.5462931059205625,0.058074905341753115,1.5150477020331965,0.9731705023352143
98,2.4904951247412837,0.0367365757984769,1.5282674413507857,0.9254911105955959
99,3.209009227240482,0.7235530000442015,1.514386306638303,0.9710699194075202
100,5.610119180301266,3.069980929155484,1.4262896722082592,1.1138485707056798
