epoch,total_loss,vq_loss,atom_reconstruction_loss,chiral_reconstruction_loss
1,14.075866227247277,1.668845225961841,5.3446261688154575,7.062394840376718
2,12.683285859166359,1.0936214717067019,3.859194449016026,7.7304699347943675
3,11.440576329523203,0.7208812407084874,4.721987369109173,5.997707802422193
4,8.716553179585205,0.42659612866688745,3.558145454951695,4.731811589124251
5,6.939463574059156,0.25915704507912907,2.734861302132509,3.9454452456260216
6,5.810248384670335,0.21956086120739274,2.224736534819311,3.3659510028605557
7,5.020485104346762,0.20382207556038487,2.0005538792026285,2.816109159771277
8,4.365487402799178,0.197901151618179,1.8444608176241115,2.3231254353815194
9,3.7992316630421854,0.19681516441763663,1.6966427528128332,1.9057737467240314
10,3.4040395155244942,0.20483333047251312,1.5950046351977758,1.6042015363975448
11,3.129780344817103,0.21635489036538164,1.5269113547947941,1.3865140974521637
12,2.9475927924623293,0.22286807342755552,1.4979331511624006,1.2267915576088184
13,2.8480420331565703,0.23589699160383673,1.488924616453599,1.1232204242628447
14,2.8026178600836773,0.23815718179150502,1.504276574874411,1.0601840980198918
15,2.774207137068924,0.2400888425811213,1.4812916298301853,1.0528266715760133
16,2.77172535049672,0.23661919242265272,1.465648241797272,1.0694579123234262
17,2.7382065313202992,0.23919361951399823,1.4473993656586628,1.0516135479722704
18,2.7269687895872154,0.23890650059495652,1.4068717877475583,1.081190516145862
19,2.711704111829096,0.2407705694893185,1.380711343823647,1.0902221914456816
20,2.701715058209945,0.24926307797431946,1.3857657702601687,1.066686216665774
21,2.697043758265826,0.259507275281512,1.3717974868355964,1.0657389972891127
22,2.656453946415259,0.2605038273091219,1.3182902403023777,1.0776598794119698
23,2.617367846625192,0.26819979673137473,1.291121291262763,1.0580467520927896
24,2.605020894079792,0.27271336301857113,1.2781386338934606,1.0541688957992865
25,2.665009795402994,0.2846014724702251,1.3243009247341935,1.056107407929946
26,2.619734730039324,0.30773055918362674,1.3293748558784018,0.9826293110239263
27,2.619187797818865,0.35775235128037786,1.2626077593589315,0.9988276867233977
28,2.6400187660236747,0.37609185643342075,1.2803243100643158,0.9836026080408875
29,2.6541680669297976,0.39372079013561717,1.2740969901182213,0.9863502857636433
30,2.6381997733700033,0.404755495336591,1.2554971393273802,0.977947149653824
31,2.6234304418369216,0.43019481094516054,1.291834651815648,0.9014009796843236
32,2.60159033536911,0.4421277237789972,1.2344774609925795,0.9249851524221654
33,2.5810237867491588,0.43361739510176134,1.2226183335391843,0.924788059932845
34,2.5531662763381493,0.4239936244426941,1.232918873125193,0.8962537758812612
35,2.5823505849254373,0.4539393248910807,1.2491779157093592,0.8792333481263142
36,2.581224637372153,0.4441292983840923,1.299268725575233,0.837826596534982
37,2.56096090710893,0.4563159115460454,1.2304926490297123,0.8741523441003294
38,2.6154890972740796,0.4622070317973896,1.2353792415589702,0.9179028223971931
39,2.568415263477637,0.44563483081910077,1.2504127135082168,0.872367727513216
40,2.5350742887477486,0.4135994561472718,1.201801786617357,0.9196730621007024
41,2.5315980765284323,0.40364817058553504,1.2378103781719596,0.8901395080040913
42,2.5914977691611467,0.3946406488515893,1.17601976832565,1.020837362627594
43,2.6403791077282963,0.39322979231269994,1.2992850955651731,0.9478642234996874
44,2.6656629406676,0.39694233132260187,1.4508804003803097,0.8178402048592665
45,2.684909719593671,0.4112061616413447,1.4894167634905602,0.7842867745428669
46,2.629149484391115,0.4200641765278213,1.305629980199191,0.9034553221902069
47,2.6570078925210603,0.42858976308180363,1.1781037316030385,1.0503144030060088
48,2.6823660110940737,0.43200498606477467,1.1970212502138955,1.0533397821139316
49,2.6925802242999173,0.4305045165273608,1.3199528218532095,0.9421228745153972
50,2.7377216694306354,0.4342141520916199,1.408898716070214,0.8946088144973833
51,2.7724739678052006,0.43627749246602154,1.4333485048644397,0.90284797792532
52,2.7483041067512666,0.44025786525132704,1.37227921035825,0.9357670247554779
53,2.823003961115467,0.48257558610366313,1.3324758252319024,1.0079525535812184
54,2.8147280191888613,0.4702823400801542,1.3144552233267803,1.0299904531970316
55,2.842767169280928,0.4860096228670101,1.4256445278926773,0.9311130156322401
56,2.8560682486514657,0.4779671543106741,1.5829079066004073,0.7951931774008031
57,2.8372220542966105,0.48206921818913245,1.4744654407306594,0.8806873921837125
58,2.8692494533499895,0.5064727887511253,1.356843843752024,1.005932826168683
59,2.897503300588958,0.522419810295105,1.378909867028801,0.996173616574735
60,2.8118417749599534,0.4352150887859111,1.4997322608013541,0.8768944411861653
61,2.806933265559527,0.4284992906816152,1.50264766325756,0.8757862932219798
62,2.815993504864829,0.44276693432914965,1.4109983918618183,0.962228177761545
63,2.823770436705375,0.4495713370186942,1.4529973870637465,0.9212017247871477
64,2.8252203951076584,0.4548972837474881,1.4544534348711675,0.9158696818108462
65,2.8256662706939544,0.4608847904874354,1.4214923497365446,0.9432891227152883
66,2.8338000433785573,0.46821664653870526,1.4425773505045443,0.9230060473996766
67,2.8276486372461123,0.4725135916045734,1.430987470612234,0.9241475840004123
68,2.8141281543945778,0.47769888946596456,1.4213007986545563,0.9151284600398979
69,2.7924584624718647,0.4850380119620537,1.4038895453725542,0.9035308996633608
70,2.7878298297220345,0.5008725353649685,1.390473145611432,0.8964841469210021
71,2.8081235776142197,0.5142348086347386,1.3698664934051281,0.9240222773989852
72,2.826449452614298,0.5245546847581863,1.3784215438122651,0.9234732197863715
73,2.8474087788134206,0.5336193205142508,1.3785285779408045,0.9352608837035238
74,2.8726104947985434,0.5441278386480954,1.377929567074289,0.9505530738708924
75,2.89453033890043,0.552972032099354,1.378912912947791,0.9626453886834943
76,2.9126529085392856,0.5630687320110749,1.3797934365515807,0.9697907329822073
77,2.9277321294862397,0.5668366460167632,1.3820042719646377,0.9788912166746295
78,2.9436000841004506,0.5475189150596151,1.361946285987387,1.0341348933930299
79,2.9006869160399145,0.4858141848627402,1.3809421792322276,1.0339305403889443
80,2.880263997583973,0.4657117427915943,1.3823145646221784,1.0322376845442518
81,2.8937166357526976,0.48296360884393963,1.401742165794178,1.0090108471257346
82,2.9036533564937357,0.4980032565642376,1.3858653112333648,1.0197848032931893
83,2.902192451515976,0.5113519489461061,1.3842983069468517,1.0065422112844429
84,2.900929480182881,0.5261021210831038,1.3758758446391748,0.9989515202386039
85,2.9117269114572175,0.5460402208323382,1.3781481385231018,0.9875385454114602
86,2.923658007261704,0.565318685101003,1.375730102159539,0.982609222434005
87,2.9403947457975272,0.588951803895892,1.3797620778181114,0.9716808698615249
88,2.957801496496006,0.6088171291108034,1.3878115841320582,0.9611727929845149
89,2.9656126876266633,0.6326864966932608,1.3699711579449323,0.9629550329884704
90,2.986351814805245,0.6554228769881385,1.3844929075970942,0.9464360326528549
91,3.0319344048597374,0.684336533047715,1.4036646947568776,0.9439331895234634
92,3.062470978620101,0.7107141431497068,1.4088122753464445,0.9429445634691083
93,3.0768480580680224,0.7338501579907476,1.4038402748351195,0.9391576155107848
94,3.097743798275383,0.7574861901147025,1.3948666921683721,0.9453909156882033
95,3.1215746354083627,0.7897249350742418,1.3847565553626235,0.9470931501412878
96,3.1135473190521705,0.7933562121220997,1.3629237437734798,0.9572673710633297
97,3.1363709629798424,0.8167595121325278,1.3863271712040415,0.933284271432429
98,3.161669818722472,0.8467481431304192,1.3655328799267203,0.949388789887331
99,3.186396303225537,0.8688226965617161,1.367105810617914,0.9504678091224359
100,3.21612910470184,0.8989691852915044,1.3797722410182565,0.9373876783920794
101,3.252788759007746,0.9278843229522511,1.3620978739796852,0.962806553256755
102,3.2712670090247173,0.9552104768096185,1.385121694632939,0.9309348360616334
103,3.302136812891279,0.9906243304817044,1.3658241051800397,0.9456883687145856
104,3.4180937312087236,1.0303780092876784,1.423931371192543,0.9637843537695554
105,3.318244138542487,0.9885128094833724,1.3908794206015918,0.9388519111944704
106,2.834105057375772,0.5297270786701417,1.3774074437666912,0.9269705378279394
107,2.6413926640335395,0.35722379353163497,1.4616295081012103,0.822539362068079
108,2.2876416566420574,0.049898256025068005,1.2647655588023516,0.9729778328720404
109,2.279781544695095,0.04290850676254046,1.406116640081211,0.8307563951429056
110,2.2624306131382377,0.042158230654515176,1.3041066843636182,0.9161656991559632
111,2.2529810606216896,0.03830336111274605,1.3542959738750846,0.8603817270118364
112,2.243445779596056,0.035971605180933765,1.3078339367496723,0.8996402353656535
113,2.239045338971274,0.032097489981703003,1.3420243579514173,0.8649234978520141
114,2.237224465730239,0.034927411156953594,1.2983315544469016,0.9039654962870539
115,2.2373948218871136,0.03856244296481719,1.332904150291365,0.8659282302369877
116,2.230203669898364,0.032804355405423105,1.3194838780529645,0.8779154343872654
117,2.22803865281903,0.030469417990166312,1.30844966915189,0.8891195736977519
118,2.222483429373527,0.022893939119744664,1.317637980592494,0.8819515160760101
119,2.222212930114902,0.022303753703528523,1.3225928532833955,0.8773163246865175
120,2.2233216823363793,0.022140201551801696,1.3231152210916792,0.8780662694147655
121,2.223907946323862,0.02097990397097809,1.323428459313451,0.8794995853487326
122,2.225386679172516,0.018476339408709685,1.3248139704976762,0.8820963605326049
123,2.232095767040642,0.018372319049525018,1.330067755616441,0.8836556931539458
124,2.2378977087079264,0.018461617983269448,1.3361199759707159,0.8833161175859218
125,2.241008442275378,0.018770756703630393,1.3405747352814188,0.8816629499197006
126,2.241526703445279,0.01981848450757715,1.3420580862736216,0.8796501238735355
127,2.240535090164262,0.020743614072170184,1.3399937517788945,0.8797977195710552
128,2.241602432971098,0.020676308397051632,1.340277838463686,0.880648286062844
129,2.2442287109336077,0.020121197159193,1.3464325100791699,0.877675017227932
130,2.2497178389101613,0.01923780877865395,1.3557748052538658,0.8747052313113699
131,2.250224392024838,0.018674007018229792,1.3543676466357952,0.8771827455077853
132,2.248712658882141,0.019469080578383743,1.3397196732005294,0.8895239088000083
133,2.236198141866801,0.019545033260495687,1.3283476513259265,0.8883054663940352
134,2.2266285431628323,0.019147899961669226,1.337582222052983,0.8698984119965105
135,2.2187545919904905,0.018554631088461195,1.325633485706485,0.8745664698737008
136,2.2148812997097873,0.017979647403544918,1.304587687764849,0.8923139757647807
137,2.2115072024111844,0.01758329657723709,1.3198489607596884,0.8740749553758271
138,2.2100552758392022,0.017362558520494068,1.3186508113024187,0.8740418933484019
139,2.208491766939358,0.0171238543579773,1.3020699735806913,0.8892979448547169
140,2.208945280435134,0.017302578372158567,1.3252124743802207,0.8664302375851846
141,2.209321523199276,0.01784252353506733,1.3002557140223834,0.8912232810137223
142,2.2122717828166727,0.018239313517982254,1.3270007773321502,0.8670316819025545
143,2.2108366951650504,0.01775385507819604,1.3027157071901827,0.8903671326685925
144,2.2096975470075804,0.017550841534548268,1.3244339939282865,0.8677127063274384
145,2.209532708537822,0.017506853012101992,1.301953762769699,0.8900721003206409
146,2.2131521105766296,0.02140356725728025,1.3205009723196224,0.8712475679966868
147,2.2196293777349045,0.02672863062661217,1.3117252211181485,0.8811755429725258
148,2.2097222050841974,0.018562130002799083,1.3067070616751302,0.8844530080654183
149,2.2091767471663806,0.017400802711823156,1.3226515352725983,0.8691243879040893
150,2.2090682594143614,0.01728601342219175,1.3058733234600144,0.8859089208500726
151,2.209542905797764,0.01737448820198069,1.310574868503882,0.8815935418313864
152,2.2095459918586577,0.017523789721332034,1.3221061369594262,0.8699160692643146
153,2.2110413312911987,0.017318793002287954,1.3099403399593976,0.8837822006673229
154,2.2088782848144066,0.017343832255930315,1.3068859333894691,0.8846485094756497
155,2.2090995822634016,0.0175531463773579,1.318586709548016,0.8729597205410198
156,2.2101535505178025,0.017426877662691534,1.3181613641125816,0.8745653112323917
157,2.2106536845771636,0.017299235978981062,1.308390889240771,0.8849635622939285
158,2.209676052842821,0.017360503585743054,1.3083130042163693,0.8840025353188418
159,2.210462620063704,0.01736645801563044,1.3173345144914121,0.8757616518711557
160,2.209869905393951,0.01727520218309091,1.3201044323493023,0.8724902710136102
161,2.2102584559090284,0.01725754146559202,1.3128871783918263,0.8801137324498625
162,2.2089292054273644,0.017605242243378748,1.306257972303702,0.885065991963659
163,2.210920830162204,0.017224437072492983,1.3124938515984281,0.8812025341452384
164,2.209946572780609,0.017206489469627946,1.3165179101788267,0.8762221713455356
165,2.2098103116969674,0.017229585452195332,1.3179325224185476,0.8746482003100065
166,2.2097460919496963,0.01726544197952869,1.3159525503917617,0.8765280991792679
167,2.2104254900192726,0.01721357407846621,1.3127935863271052,0.8804183127928753
168,2.2097523334074993,0.017607636217560087,1.3085962667757152,0.8835484236478806
169,2.2117176956059983,0.01722154043120693,1.3121646046638489,0.8823315510336234
170,2.209435302384046,0.017165743745863438,1.3124317052413006,0.8798378496145716
171,2.2096472674486587,0.017189612003917595,1.317218658875446,0.8752390048941787
172,2.2093274642010123,0.017065761430303052,1.3167398967305008,0.8755217963943676
173,2.210115909576416,0.01709062722036425,1.316362193044351,0.876663091535471
174,2.2106423268512803,0.017128081764189566,1.313985108721013,0.8795291386088546
175,2.210785577491838,0.017196133172101512,1.311858407696899,0.8817310357580379
176,2.211800156807413,0.017293576360205,1.311411655679041,0.8830949356969522
177,2.210373661956009,0.01724365574060654,1.312332622250732,0.880797381911959
178,2.211114174249221,0.01736786660301138,1.3163715163055731,0.8773747901527249
179,2.2113747791368135,0.017236717606001362,1.3189861817019326,0.8751518741554144
180,2.2108409854830526,0.017306317850871354,1.3177160772742058,0.8758185840382868
181,2.209863566622442,0.017219792253204753,1.3158637315643078,0.8767800510537868
182,2.210235270918632,0.017151462493882497,1.314832049973157,0.8782517554200425
183,2.209366538086716,0.017152522909169902,1.3115971349940008,0.8806168780643113
184,2.20935407341743,0.01711960940868879,1.3114193647491688,0.8808150954392492
185,2.2091683514264164,0.01708398543640363,1.3104912815045338,0.8815930798953894
186,2.2077677906775963,0.017090648146612302,1.30931975829358,0.8813573727194144
187,2.202540861100567,0.016913595029666106,1.3084105247137499,0.8772167371852058
188,2.199375240170226,0.016947231977721865,1.3066879194609973,0.8757400844170122
189,2.1981115511485507,0.01689644613094172,1.3046452421314862,0.8765698683505155
190,2.1981469161656437,0.016900778044851458,1.303991831687032,0.8772542963222582
191,2.2005857095426444,0.017009340255160113,1.3043912740386263,0.8791850945171045
192,2.1984805720193044,0.017063882857637137,1.3014413422467757,0.8799753359385899
193,2.1991612996373857,0.017028160317211737,1.3021788061881552,0.8799543301669919
194,2.1992329249576645,0.01702315429681722,1.3003006090923233,0.8819091760990571
195,2.1980434558829485,0.016883308733148233,1.300006244255572,0.8811539092234203
196,2.1994824227021663,0.01700700367135661,1.300804993327783,0.881670415705564
197,2.199009811391636,0.017098797485232353,1.3024876713752747,0.8794233476629063
198,2.1982968692876854,0.017059204957390925,1.3044775736575225,0.8767600935332629
199,2.1977576406634585,0.017089846382411768,1.3035369551911646,0.8771308359442925
200,2.196747665502587,0.0170358138406003,1.3032554698233703,0.8764563920546551
201,2.1965885807056815,0.0170800351176639,1.3008238308283748,0.8786847223432697
202,2.1962359839556167,0.017020362666903103,1.300092647878491,0.8791229791787206
203,2.1962831032519436,0.017078403991704086,1.2987994618561802,0.880405241433455
204,2.1973689101180254,0.01717944230352129,1.298325429157335,0.8818640395694849
205,2.1964287149662876,0.01698725938568918,1.2959581497980623,0.8834832997954621
206,2.1962530758916117,0.01702821004793656,1.2963340756844501,0.8828907858352272
207,2.196368705253212,0.017026950443657686,1.299788301088372,0.8795534445314991
208,2.1955654767094828,0.01687036412863099,1.3000587316191927,0.8786363869297261
209,2.194945289164173,0.016930093608644545,1.3012980928226394,0.876717102162692
210,2.1957409953584475,0.016861503212047473,1.3007002703997554,0.8781792159591403
211,2.1958271848912143,0.01684459414789263,1.3016955657881133,0.877287029611821
212,2.1967806001098786,0.01688330510289085,1.300854640347617,0.8790426445858819
213,2.1969203584048214,0.016913358635288114,1.2998965589367613,0.8801104441589239
214,2.1965567931836967,0.01694005237398099,1.2977050305629263,0.881911712945724
215,2.196990056913726,0.017021742829938933,1.2966486087867193,0.8833197148478761
216,2.1961144634655545,0.0170803197982664,1.297308325767517,0.8817258072750909
217,2.196351250823663,0.017035763672724063,1.2984738842565187,0.8808416100789089
218,2.1975953432978415,0.01714141959590571,1.3015253069449444,0.8789286269825332
219,2.1959882402906614,0.01703258682688584,1.3013497025382763,0.8776059342282159
220,2.1962772072577965,0.017014078387268344,1.3025051629056736,0.8767579578015269
221,2.196754775485214,0.016918939538300037,1.302141629919714,0.8776942117481815
222,2.1961530933574753,0.017076696696862275,1.3006684901762982,0.8784079019512449
223,2.195345631667546,0.01698656415338723,1.2973100567350582,0.8810490108266169
224,2.1964496958012485,0.017009010728524655,1.2985276111534663,0.880913069965888
225,2.195624159306896,0.016972416052024583,1.2964292764663696,0.8822224532463112
226,2.1968511026732775,0.017077301457828403,1.297398326956496,0.8823754741829268
227,2.1959289677289067,0.017005923793328052,1.2973853684201533,0.8815376779862812
228,2.195637133656716,0.016949439136197373,1.298024442122907,0.8806632510861572
229,2.196548905907845,0.016802895291499337,1.302906268105215,0.8768397353741587
230,2.1960700969306792,0.01696219051979026,1.3020924852818858,0.8770154158071596
231,2.1956499291926015,0.016991093042021503,1.301155115876879,0.8775037195609541
232,2.197107222615456,0.016907668102304547,1.302259172103843,0.8779403850132105
233,2.196203737842793,0.016922916086124524,1.2988829661388785,0.8803978556272934
234,2.1965312179254024,0.016963130889498457,1.298679383433595,0.8808887123453374
235,2.1968292375000154,0.016799269139538615,1.2981877679727516,0.8818421932507534
236,2.196309079929274,0.017107922384249314,1.2971093618139928,0.882091795607489
237,2.1964532136917114,0.016937772638867706,1.2982506818917332,0.8812647598738573
238,2.1959630822648806,0.017029446388157655,1.2980733605063692,0.8808602715025142
239,2.197093134023705,0.016956572972086012,1.3013001808098383,0.8788363805838993
240,2.1958161920917276,0.017032188981087232,1.3013891164137392,0.8773948766139089
241,2.196939933056734,0.01697853956447572,1.3031946031414732,0.8767667887162189
242,2.1963907090985044,0.017054594815613663,1.301761626589055,0.877574490041149
243,2.1963823972916114,0.01699781540439141,1.3011727764898418,0.8782117999329859
244,2.1959971493604233,0.01703810998789814,1.297017116327675,0.8819419142543053
245,2.1959213225208982,0.01696112748159438,1.2980845083995742,0.8808756884263487
246,2.1958272773392347,0.01697276863364541,1.2958625621941624,0.8829919489062562
247,2.1966347207828445,0.016969278492793744,1.298257160551694,0.8814082738696313
248,2.19564220735005,0.017036015871075953,1.2972247594473314,0.8813814225853706
249,2.1966627142867265,0.016988491382906024,1.3010336762788344,0.8786405586466497
250,2.1955459227367324,0.017071963867590745,1.3001133696157106,0.8783606065779316
251,2.1949076713347924,0.01697252950231944,1.3016235603361714,0.8763115862194373
252,2.2096560086522783,0.017615776452026805,1.3166422326954044,0.8753979890322199
253,2.215536284203432,0.017423788570247744,1.3226871113387906,0.875425397437446
254,2.222825656131822,0.01752942687432681,1.3250359375866092,0.8802602829373612
255,2.2274642112303753,0.017250822552916954,1.328444507657265,0.8817688932224196
256,2.2320169611852996,0.016956412575530763,1.3321044219999898,0.8829561268188515
257,2.2340935359195786,0.016660412668953746,1.3350592036636508,0.8823739186841615
258,2.2350751222396386,0.01638178345842325,1.337569570663024,0.8811237757303276
259,2.2363369160768936,0.016282837609855497,1.3395540848070262,0.8804999985256974
260,2.236674509486374,0.016087501946532606,1.3387952477348095,0.8817917698500107
261,2.2356893322905718,0.016065988466333673,1.3388363098611638,0.8807870335116679
262,2.2351875049727306,0.016104281528339703,1.3374781535596263,0.8816050637741478
263,2.2346450272871525,0.01603131150180588,1.3364469749586922,0.8821667420620821
264,2.2340437490112928,0.0161773125707571,1.335916702236448,0.8819497382762481
265,2.2343936526045507,0.016061014505293295,1.338697924297683,0.879634711511281
266,2.233537290777479,0.016140085511973927,1.336968517425109,0.8804286964693848
267,2.2337398151962127,0.016167568584561955,1.3382829841302366,0.8792892755294333
268,2.2340789437294006,0.016257186382248694,1.337240606546402,0.8805811475126111
269,2.2331859372100054,0.016170274627832125,1.3373884467446073,0.87962720649583
270,2.234304757750764,0.016234354999828702,1.3386261086074673,0.8794442886600689
271,2.233452260494232,0.016218352331114665,1.3385532528770214,0.8786806503728944
272,2.2336065452926013,0.016341698945176845,1.3376123917346099,0.8796524572737363
273,2.233560417379652,0.016297017879860133,1.337922832795552,0.8793405701919478
274,2.2339201849334094,0.01632762483644242,1.3372789706502641,0.8803135831745303
275,2.233949067641278,0.01627371864089248,1.3363869962643604,0.8812883578392924
276,2.233578441094379,0.016356675220387324,1.3369080010725527,0.8803137711116246
277,2.2333328334652647,0.016285162076962238,1.3341322997394873,0.8829153712306704
278,2.2330323348239975,0.016320800883885548,1.3346052978719984,0.8821062266218419
279,2.2325629032388026,0.016363393838460347,1.3336754088499108,0.8825240965400424
280,2.2334380502603493,0.016389024795546214,1.3362205369131905,0.8808284821558972
281,2.2336400589164422,0.016410597809115236,1.3347060619568338,0.8825234074373635
282,2.234354812271741,0.01630714225430726,1.338287213627173,0.8797604572408053
283,2.2335918071318646,0.01643515350677225,1.3363069861519092,0.8808496509279523
284,2.2341423594221776,0.016310021642367452,1.3382133324535526,0.8796190047750667
285,2.2338488162780297,0.01643841659498154,1.3374955088508373,0.8799148937877344
286,2.2347197435340105,0.016320360225758383,1.3408181065199327,0.8775812688530708
287,2.23285896680793,0.01639870460126169,1.3381619721042866,0.8782982990449789
288,2.2337856061604557,0.016354856014783894,1.3368830467973436,0.8805476995755215
289,2.2332188742501393,0.016393567682528982,1.3369205952907095,0.8799047114289537
290,2.2330773570099653,0.016375337784387628,1.3357592231156874,0.8809427840977299
291,2.2321192743826885,0.016420318735573366,1.333823446716581,0.8818755137677096
292,2.229164194087593,0.01639912227092653,1.3317140681403024,0.8810510011960049
293,2.221967399120331,0.01601805938977976,1.3222303201957626,0.8837190112289117
294,2.218300363238977,0.01657290966725167,1.3208162881890122,0.8809111547105166
295,2.2103736035677852,0.019476618370687475,1.3078131839937093,0.8830838024008031
296,2.2003419958815282,0.020956091905887028,1.2981682365037956,0.8812176795030127
297,2.1986823532046103,0.020666380821518143,1.2965035012790136,0.8815124725200691
298,2.1998467262910335,0.019371234156115323,1.3014386807169234,0.8790368136702752
299,2.197596228852564,0.018392435930745334,1.3028094707703104,0.8763943202033335
300,2.1978091889498184,0.01788101071605877,1.302532678355976,0.8773955003339418
301,2.1987689259100933,0.01754879361322644,1.3052534692141475,0.8759666459292782
302,2.199679274948276,0.017348918731191328,1.303739451023997,0.8785909025036559
303,2.2004863899581286,0.01736664909831419,1.3056636653384384,0.8774560741624053
304,2.2006907791507486,0.017310967982499575,1.3039793420811088,0.879400468298367
305,2.2007747596623948,0.017273546548142116,1.302994191646576,0.880507019101357
306,2.200382271591498,0.017252370962226878,1.3015218589987074,0.8816080424858599
307,2.200414932503992,0.017237175883231114,1.3016193302310244,0.8815584179698205
308,2.200181026847995,0.01715114219494316,1.3035144313257567,0.8795154575182467
309,2.2015586604877395,0.017064589436869233,1.306116973259011,0.8783771003387413
310,2.200254390434343,0.017229303983705386,1.3057284087550884,0.8772966734000615
311,2.201192715946509,0.01702192575879851,1.3074342784832935,0.876736511381305
312,2.2002725138956185,0.017122398748309637,1.3067500408814878,0.8764000769172396
313,2.2012587481615493,0.017108221804457053,1.3076423187645114,0.876508212515286
314,2.201665450115593,0.017152158609990562,1.3056278569357735,0.8788854294285482
315,2.201753000823819,0.01720153236267518,1.3056904345142597,0.8788610328825153
316,2.2005528625176876,0.01719507948514454,1.3012340093145565,0.8821237786692016
317,2.200943562449241,0.017162074420449078,1.3017442506186816,0.8820372321167771
318,2.1998593551771983,0.017069905901289716,1.3026845151064348,0.8801049267759129
319,2.199957303854884,0.017188677041582306,1.3036487704637099,0.8791198541923445
320,2.2015551912541294,0.017128446291447903,1.3054787103010683,0.8789480483653594
321,2.2010414831492366,0.01706619704218239,1.3079271109736696,0.8760481756560656
322,2.199900333978692,0.017037582944850534,1.3068798336447502,0.8759829335066737
323,2.2006427402399025,0.017220625254724706,1.3066875326390168,0.8767345778796137
324,2.200095844512083,0.016983183100819588,1.305247618227589,0.8778650453504251
325,2.199795995439802,0.017113250100567023,1.3031606947889134,0.879522059949077
326,2.2002368034148705,0.017120026945307548,1.301332844763386,0.8817839208914309
327,2.2002809801880194,0.016916808653242733,1.3024613182155453,0.8809028502021518
328,2.200007067651165,0.01707218471458372,1.3009040209711815,0.8820308647593673
329,2.200471881701022,0.017040083593479832,1.3038948372918733,0.8795369605020601
330,2.200948488955595,0.017031852963703627,1.3067332512261916,0.8771833871700325
331,2.1990898774594676,0.01711676345796001,1.3049128761096878,0.8770602302891868
332,2.2000978175474675,0.016981953279856517,1.3072107835691802,0.8759050731148038
333,2.199607812628454,0.01707103677398088,1.3060140743547557,0.8765226937070185
334,2.1997794971174125,0.017001294720993966,1.3044613040223414,0.8783168950859381
335,2.199420935037185,0.017089547076243525,1.3029929180534519,0.8793384718651674
336,2.2011619514348557,0.017126563736902817,1.3025799296340164,0.8814554670635535
337,2.20051215619457,0.017022882483671516,1.300946096376497,0.8825431709386864
338,2.1997046969374834,0.016979614291720246,1.3022815761517506,0.8804435246452993
339,2.2007051171088707,0.017043436440278073,1.303172804871384,0.8804888749609188
340,2.200155578097519,0.017008111954723695,1.3067595837067585,0.8763878680005366
341,2.199321986461172,0.017072191861058985,1.3052145455564772,0.8770352522937619
342,2.200608238881948,0.017019342536068693,1.3072233504178572,0.8763655378502242
343,2.199711046656784,0.017056068025377333,1.3060987804617201,0.8765562061144381
344,2.2008077623892803,0.01706360278613105,1.305371797814661,0.8783723614653762
345,2.2002275500978743,0.01705483374737051,1.3044959635150677,0.878676748397399
346,2.199796664471529,0.01703984143060385,1.301123245638244,0.8816335751694075
347,2.1995230475250556,0.017102538931126496,1.3010113555557874,0.881409151517615
348,2.19943230371086,0.01708495191165379,1.300425537386719,0.8819218113714334
349,2.2001992099139156,0.01694204481508659,1.3040496445432002,0.8792075274550185
350,2.199906946444998,0.017059248444453185,1.30518454130815,0.877663152558463
351,2.1998124073962777,0.01703666711264119,1.3058782572648964,0.8768974871051555
352,2.201422098948031,0.01711319074300783,1.3087445795536041,0.8755643355603121
353,2.1996100508436864,0.017121085241360932,1.3052409011490491,0.8772480715902484
354,2.201255826317534,0.017086675409607743,1.3065072066929875,0.8776619540793555
355,2.200204444174864,0.017057277585322758,1.3033891381049643,0.8797580210530028
356,2.2008668184280396,0.017036228782820458,1.3024902368078426,0.881340353768699
357,2.199446517594007,0.01710599353917095,1.3004633766047808,0.8818771498543876
358,2.2010088830578085,0.017090022117279623,1.3035602557415864,0.8803586108343942
359,2.1995138854396585,0.01711084128224424,1.3018538118625174,0.8805492258801753
360,2.2006118528696956,0.017062408127346818,1.3064134686577076,0.8771359674176391
361,2.2000779546037013,0.01719797099465314,1.3049007575122678,0.877979211357175
362,2.2005974005679696,0.01705864046187121,1.3079368849189914,0.8756018688484114
363,2.1999910437330907,0.017033163486618777,1.3074327561320092,0.8755251321257377
364,2.200119772735907,0.01717340146020359,1.3041120086397444,0.8788343637573476
365,2.2011427952318776,0.01712544863967567,1.304365873336792,0.8796514640657269
366,2.1999062482191594,0.017177437023468772,1.3010664503185116,0.8816623617799915
367,2.200771306242262,0.01708388803716825,1.3028119200346422,0.8808754950153584
368,2.19996199315908,0.017024552335544507,1.3008925026776839,0.8820449399704836
369,2.2004326691432876,0.017106640779850434,1.3040687028242617,0.8792573289603604
370,2.200452589258856,0.01703769284091434,1.3049088436730054,0.8785060525548701
371,2.2004888483456204,0.0171579048037529,1.3075618293820594,0.8757691164405979
372,2.199972518852779,0.017043683896487465,1.30682571810119,0.87610312779339
373,2.200058705952703,0.017136735394977187,1.3062922322020238,0.8766297357422965
374,2.2000275375891705,0.01716159372495449,1.305152459412205,0.8777134774290786
375,2.199920181108981,0.017176857769337237,1.301742330497625,0.8810009968524076
376,2.200913275991167,0.017212044580706527,1.302660170258308,0.8810410627296993
377,2.201580830982753,0.017207305973433718,1.3022589397673705,0.8821145907348517
378,2.2014501277281315,0.017157614449685325,1.3041947131254235,0.8800978012839142
379,2.200522451984639,0.017122531965450973,1.3036190022011191,0.8797809165351245
380,2.200023383510356,0.01711457197991561,1.3050182358342775,0.8778905868530273
381,2.200123569186853,0.017266349144736116,1.3064161806690449,0.8764410228753576
382,2.2003972870962962,0.017428634906833877,1.3075945699701503,0.8753740881778755
383,2.2002058114324297,0.017746509489964465,1.3055606831093223,0.8768986384479367
384,2.202245813243243,0.01790551619832309,1.3048549391785447,0.8794853635588471
385,2.2010705203426126,0.01786628681025943,1.304053166691138,0.8791510772948362
386,2.200264248312736,0.018119160114426394,1.2992179582313614,0.8829271401069603
387,2.202041321871232,0.017991935026508813,1.3021000690606175,0.8819493000604668
388,2.2009478260059745,0.018219300156117092,1.3008492552504247,0.8818792554796958
389,2.20115911230749,0.01815126817293313,1.3036388669695174,0.8793689757585526
390,2.202144363704993,0.018355160191351055,1.3066786156625163,0.8771105886113887
391,2.202778935432434,0.018216699323787982,1.307933039202982,0.876629191393755
392,2.2016196177930247,0.018245879712761665,1.3070702431153278,0.8763034897191184
393,2.2027954228070317,0.018320769423200767,1.3054229568461984,0.8790517051000984
394,2.202280512877873,0.018305048660128092,1.3047347999348933,0.879240659730775
395,2.2026289214893264,0.018300379521916717,1.3021151983008092,0.8822133364726086
396,2.2019641545354105,0.01838083240222566,1.3023844428208409,0.881198879711482
397,2.2031657111888028,0.018297782129779155,1.3027991646406603,0.8820687644943899
398,2.2020018149395377,0.018391220782864457,1.3031149658621575,0.880495623666413
399,2.2020669907939676,0.018313736873393764,1.303830688097039,0.8799225633241692
400,2.201345572666246,0.018367056620820443,1.3050311724750363,0.877947347504752
401,2.201689276160026,0.018379459423678263,1.306737446663331,0.8765723665758055
402,2.2019559777512843,0.018295652860281418,1.306505483632185,0.8771548325918159
403,2.20061433193635,0.018295401536232353,1.3045024154137592,0.8778165229121033
404,2.201620597012189,0.018089834638700193,1.303768327041548,0.8797624378788228
405,2.1991118508942273,0.018147705502960146,1.299786019081972,0.8811781245226763
406,2.199874286748925,0.01804602208870406,1.299868327622511,0.8819599349279793
407,2.1991868785449435,0.018060887983182863,1.2986069376371345,0.882519048999767
408,2.1987128865962124,0.01802859021046636,1.299372337302383,0.8813119585416755
409,2.2009967954791323,0.017890022772991537,1.3021578965138416,0.8809488707659195
410,2.1994405315846812,0.0178815621065394,1.304576231508839,0.8769827454674001
411,2.198629126256826,0.018056080667111948,1.3023066879535208,0.8782663600785392
412,2.2014803180889206,0.0178572184083109,1.3073144774047696,0.8763086175432011
413,2.20018284418145,0.01791567852416513,1.3043495574776007,0.8779175944474279
414,2.199928635237168,0.01784654179283855,1.3030777129591729,0.8790043787080415
415,2.2002902079601676,0.018017571295934672,1.3019280719513795,0.8803445757651815
416,2.199038077373894,0.017850812961708526,1.3001036589242974,0.8810836006792224
417,2.19956131249058,0.01800027789015855,1.2981445710269772,0.8834164677834024
418,2.200334302016667,0.017870906179732814,1.3018034349898904,0.8806599691814306
419,2.1995777536411674,0.017973070783654645,1.3004388450359812,0.8811658341057447
420,2.2001010410639705,0.0179257181625129,1.3023055578981126,0.8798697542171089
421,2.199088511418323,0.01796560068329682,1.3043418477992623,0.8767810582506413
422,2.1983493992260525,0.01788629908874935,1.3038122380266384,0.8766508616355001
423,2.1992978137366626,0.01792866411637895,1.3041960931554133,0.8771730542791133
424,2.1996950555820853,0.017861005175402577,1.3029393012426338,0.8788947435666103
425,2.1996748751523545,0.017839821977350786,1.301201228584562,0.8806338231174313
426,2.1989078789341208,0.01787715719784705,1.2999118438788824,0.8811188848042975
427,2.199330610888345,0.017956699814875514,1.2977636401750603,0.8836102683325203
428,2.2006712628870595,0.01789660091340846,1.301602409810436,0.881172245254322
429,2.200040975395514,0.018001271231214002,1.3009152096145007,0.881124487336801
430,2.200388207727549,0.01787706950147237,1.3041010286126817,0.8784100981999416
431,2.199256732755778,0.01792647237224238,1.3045006187594668,0.8768296603645597
432,2.20053147053232,0.017933552172415112,1.3054897736529916,0.877108135697793
433,2.198948547548177,0.01795055776150251,1.3036636302665787,0.8773343572202994
434,2.199456728234583,0.018004077448680694,1.302874860714893,0.8785777940433852
435,2.199480973944372,0.017967774418695848,1.300244572211285,0.8812686314388197
436,2.2012111714908054,0.017966718907106896,1.3026112105165208,0.880633252311726
437,2.1995919857706343,0.018008269065496872,1.2976795471444422,0.8839041757948545
438,2.2008643430106494,0.017835818050543264,1.3016756912883447,0.8813528354678836
439,2.198903115428224,0.017955686374358376,1.3007811684997714,0.880166264821072
440,2.1997271411272945,0.017962633251991808,1.3030569887891108,0.8787075241609495
441,2.1994198755342134,0.017963680058565676,1.3034775001662118,0.877978692249376
442,2.1989896832680214,0.018012809443610663,1.3046975579797004,0.8762793106083967
443,2.200560386083564,0.01792662419682863,1.3049633448221245,0.8776704136814389
444,2.199568354353613,0.01797991009353071,1.3033360431388932,0.8782523952576579
445,2.2007464231277,0.01794756964153173,1.3013875052636983,0.8814113465498905
446,2.199120588448583,0.01789227798961255,1.2992762661710078,0.8819520379207573
447,2.1992256203476264,0.01800383764262102,1.297690607455312,0.8835311732730087
448,2.199602024895804,0.017893788936947073,1.3009151524426985,0.8807930696983727
449,2.1998548896945254,0.01803327159842058,1.301021040094142,0.8808005753220344
450,2.1988025271162694,0.01786942744855674,1.3035764730706507,0.8773566268536509
451,2.198857836577357,0.018039913676983238,1.3029456242006652,0.8778723019118212
452,2.2011720927394167,0.017836753754135296,1.3063436570216198,0.8769916882928537
453,2.198716769413072,0.017990783702734173,1.3029270196447567,0.877798970256533
454,2.2003649619160868,0.017902827061408638,1.304426723597001,0.878035403636037
455,2.1989282661554763,0.01797661579651188,1.2989505407761555,0.8820011147430965
456,2.2003966034675133,0.017898546047128584,1.3007002752654406,0.8817977823164999
457,2.19910623102772,0.017956997001809732,1.2991188819311104,0.8820303526459908
458,2.2004974557428945,0.017949393997919196,1.300709223260685,0.8818388389689582
459,2.1993155686222776,0.017994986970585828,1.3011629265181872,0.8801576397856887
460,2.2001765698802713,0.017904068495394016,1.3043471678179137,0.8779253324075621
461,2.1994165826816947,0.018037437537342917,1.3030240103906514,0.8783551393723001
462,2.201292929600696,0.01786227366525908,1.3074511131461786,0.8759795463815028
463,2.199406306354367,0.018009308554536224,1.304515718197336,0.8768812825485152
464,2.199715268855192,0.01791194559322024,1.3021643386811625,0.8796389817583318
465,2.1998201450523065,0.017898984918636934,1.3000028425333452,0.8819183159847649
466,2.1988354142831295,0.01789382909785728,1.2988984025254542,0.8820431849786213
467,2.1975699894282283,0.01791789342782327,1.2978789021774215,0.8817731981374779
468,2.199344125329232,0.017917672504803965,1.299890709166624,0.8815357551282766
469,2.198443958953935,0.017909851704477047,1.3010818021638053,0.8794523027478433
470,2.1991644331387112,0.0179896015027652,1.3017763398131545,0.8793984910055083
471,2.199303044348347,0.01794998275534231,1.3040415474346705,0.8773115137401892
472,2.200722812389841,0.017910423023360118,1.305255918478479,0.8775564815316882
473,2.199519909158045,0.01797370527091683,1.3054465128450978,0.8760997053920007
474,2.1984680854544347,0.0179308255260088,1.301395253867519,0.8791420049205119
475,2.1987247515697868,0.017925370332537865,1.301228007491754,0.8795713621134661
476,2.1982517680343316,0.01804130135712271,1.2983292335150194,0.8818812370300293
477,2.200684055990102,0.01798132445891293,1.300598103172925,0.8821046325016995
478,2.1994209715298245,0.018014916770008146,1.2986709220068795,0.8827351292177122
479,2.1990637487294724,0.018009556485910197,1.3011686941798852,0.8798854989664895
480,2.1999067883102263,0.017997514085882172,1.3021067344412511,0.8798025460267553
481,2.2009883522987366,0.01798424971460992,1.3057482716988544,0.8772558281008078
482,2.1985750490305374,0.018007809191714137,1.3033746292396469,0.8771926055149156
483,2.1989827143902683,0.017973491085731253,1.3037054611712087,0.8773037678733164
484,2.1993191789607613,0.018013108388653824,1.3038813027800347,0.877424780507477
485,2.198584273153422,0.018022108547465533,1.2997518972474702,0.8808102656383904
486,2.1998207654271806,0.01794455892273358,1.301313855210129,0.8805623589729776
487,2.1993539223865586,0.01802731216029853,1.29854205189919,0.8827845439010736
488,2.2008051933074486,0.01799697562938138,1.299928299018315,0.8828799201517689
489,2.199303796096724,0.017982646556837217,1.3014780532340615,0.8798430933027851
490,2.2000180932940268,0.018049141420621653,1.3021505846052754,0.8798183637614153
491,2.199571872244076,0.018047078588635336,1.3041423498367777,0.8773824362730493
492,2.1995562923197842,0.01802443841244189,1.304334173397142,0.877197687114988
493,2.1985171960324656,0.018079227919937397,1.3031490262673826,0.8772889515575097
494,2.1995127930933114,0.017993608945790603,1.303837243391543,0.8776819268051459
495,2.1990150006449953,0.018078971720699753,1.3010724296375198,0.8798636045991158
496,2.200523944533601,0.017890031915158033,1.3009421928804747,0.8816917231496499
497,2.1985128923338286,0.01809639720322222,1.2975454494661214,0.8828710512239106
498,2.1990893543982994,0.017953021812955945,1.2982642887806406,0.8828720465606573
499,2.199109056774451,0.01799395053210307,1.3014892205900075,0.879625892456697
500,2.1996539490563527,0.018050245427507525,1.3020795139731194,0.8795241914233383
