epoch,total_loss,vq_loss,atom_loss
1,4.168471358621212,2.4234706442374403,1.7450007132404601
2,3.224855338521016,2.3391514128583775,0.8857039269583914
3,2.259622325677701,1.276632056745422,0.9829902724384347
4,2.5255566004597014,1.82891400619541,0.6966425936545253
5,2.1112266542661526,1.4556190886765794,0.6556075658182354
6,2.389656468120682,1.731201010744285,0.6584554585959296
7,2.5967997114371766,1.9254707893752077,0.6713289194704627
8,2.5516715542129846,1.8722127299479512,0.6794588246461376
9,2.1800746657049563,1.3378264473755952,0.8422482175290432
10,2.021595340860469,1.0787580041476832,0.9428373354932537
11,1.6589168586084604,0.9720585755908581,0.6868582825221674
12,1.3899797871899422,0.6985231456168167,0.6914566438216383
13,1.1209936266969842,0.45866063675459695,0.6623329893707315
14,0.9813701389238353,0.36118558180682797,0.6201845564500755
15,0.7967338502559516,0.23566937736233176,0.5610644722838536
16,0.6989604127986352,0.1488807862410155,0.5500796274151034
17,0.6642727288596161,0.11965715772736712,0.5446155695125575
18,0.6371424153180378,0.0994556874246396,0.537686728417416
19,0.7093186241281612,0.11745758088843902,0.5918610433254705
20,0.6316216016364524,0.09160413435372093,0.54001746774482
21,0.6198384770956795,0.07693134905660853,0.5429071294301001
22,0.6079621940012783,0.08819760298808975,0.5197645905987381
23,0.5973375128663104,0.09262181706535999,0.5047156971205226
24,0.6284157651312211,0.10581369919564261,0.5226020660165631
25,0.6021674456803695,0.10158146943544488,0.5005859757780724
26,0.6274614503316562,0.11011880968728334,0.5173426408444524
27,0.650776436490476,0.11491066540408013,0.5358657703908813
28,0.790054860932138,0.20196660385107446,0.5880882581481544
29,0.7763751312290006,0.18584243840802356,0.5905326925732596
30,0.6525520057324559,0.08374128691242326,0.5688107195870041
31,0.8151638114543827,0.2604867210921348,0.5546770907576432
32,0.6251280314629645,0.08347320610947927,0.5416548249437986
33,0.582319262235061,0.06956518645805623,0.5127540758960997
34,0.5751530536452828,0.07323332342421612,0.5019197307355568
35,0.5431395857535359,0.059214833333059345,0.4839247537543402
36,0.5539186817148457,0.07246916738750837,0.48144951615187215
37,0.5562867829028297,0.07419791127867101,0.48208887116683413
38,0.5748910244239871,0.08939488764728426,0.4854961376818245
39,0.6011685292281763,0.10557326725910386,0.49559526172135493
40,0.5972667661926631,0.10451639781389242,0.49275036758321633
41,0.6259475907553798,0.1266913976987152,0.49925619260886744
42,0.6010187507971473,0.11613379241636647,0.4848849591239334
43,0.6063451584800125,0.11681058322129499,0.4895345764925413
44,0.6257421259989824,0.1275523742732337,0.4981897514494484
45,0.6074203333586378,0.10136180724519903,0.5060585263135183
46,0.6473022394472986,0.12917704208065633,0.5181251978477859
47,0.6879444589547794,0.15709041259096712,0.5308540458874325
48,0.8219493015495407,0.2286434117656992,0.5933058890311614
49,0.6718205110648708,0.11017131404308102,0.5616491967073792
50,0.6349220938237427,0.11960244836176143,0.5153196461670234
