epoch,total_loss,vq_loss,atom_reconstruction_loss,chiral_reconstruction_loss
1,15.490499948968692,1.7198959589004517,7.041986913097148,6.728617154822057
2,13.64369604538898,1.1395077942585459,7.57257451816481,4.93161371046183
3,11.56562945794086,0.7937023472421023,6.379226604286505,4.3927004726565615
4,7.856995378221784,0.4601732302381068,3.811567180010737,3.5852549964067886
5,5.023726263824774,0.2672463295106985,2.0414656631800594,2.715014269157332
6,4.369792164588461,0.21200168140384615,1.9934123413903373,2.1643781321389333
7,3.9608339144259084,0.19617058131463674,1.8696050017463917,1.895058340564066
8,3.651937869130349,0.19273859688213893,1.7486619091763789,1.7105373709785694
9,3.454310661675979,0.19067579545840926,1.6958379550855986,1.5677969133367344
10,3.3608115899319553,0.18550601198661085,1.7150170048888849,1.4602885745009597
11,3.3857787141994553,0.18457447608210603,1.7233654400523828,1.4778387911465702
12,3.206964211804526,0.17744185608260485,1.6065209307232682,1.4230014298643385
13,3.072270454192648,0.1741532668167231,1.5630729800584364,1.3350442118790684
14,2.910820939102951,0.1792796431299375,1.504947505435165,1.2265937827071365
15,2.746192911449744,0.18695121159663006,1.4277900183687404,1.1314516937246129
16,2.647959284636439,0.19719731602437643,1.3719541935288175,1.0788077772880087
17,2.595175395206529,0.20825634311352456,1.334865081066988,1.0520539761197811
18,2.5587007269567374,0.22240084052389983,1.329388043101953,1.006911840974068
19,2.537584140592692,0.23688429989376847,1.2998379572313659,1.0008618828593467
20,2.5423188671773795,0.25339122694365834,1.238913608448846,1.050014033609507
21,2.5508905053138733,0.2705615425900537,1.3404451128171415,0.9398838524915734
22,2.602570043534649,0.29782073640701723,1.3212328626185048,0.9835164407078101
23,2.6113292647867787,0.30657390778770255,1.2344902023977162,1.07026514775899
24,2.6163593980730795,0.3103995751969668,1.2157001081778078,1.0902597095285143
25,2.6497154661587308,0.31804536769584735,1.3118792297888775,1.0197908683699004
26,2.646682026434918,0.318573745233672,1.3453552212033952,0.9827530636471145
27,2.627498927165051,0.32697263603307763,1.250160097467656,1.0503661948807386
28,2.6485215924224077,0.33362528119160206,1.2595864102548482,1.0553099075142218
29,2.636145980990663,0.3397879357240638,1.2513378621364126,1.045020183738397
30,2.6284791997500827,0.34354497355465985,1.2581713929468272,1.026762837658123
31,2.612382030000492,0.34587768510896333,1.2797910005462414,0.9867133355262329
32,2.604179062405411,0.3481066658788798,1.2907288238710286,0.9653435787376092
33,2.6186776270671768,0.3729941350769024,1.2730171802092571,0.9726663049386473
34,2.63798996137113,0.38809265333170795,1.3022346672963123,0.9476626454567423
35,2.647125689350829,0.4052940746959375,1.3144124357067808,0.9274191728660038
36,2.659347743404155,0.4195620010093767,1.3036333912489366,0.9361523557074216
37,2.6670089193752835,0.423422882143332,1.2956643426904872,0.9479216899798841
38,2.6958548025209077,0.41203678262477017,1.3750404946658077,0.9087775237098032
39,2.748577508391166,0.4085630953920131,1.3744633100470718,0.9655511029520814
40,2.783388759408678,0.425488248619498,1.3335491771600685,1.024351338038639
41,2.8262685987414145,0.44716700455363917,1.4504452323427006,0.9286563654943388
42,2.8096616219501107,0.44410815485277955,1.4896273168982292,0.8759261540004185
43,2.850741997057078,0.4502411828357346,1.3248781902449471,1.0756226251928174
44,2.9793342814153556,0.46836734456675394,1.6904369093933884,0.8205300399235317
45,2.9931854155598856,0.45143117983730474,1.5072128097621762,1.0345414232234567
46,2.9141994775558007,0.45929902624719,1.2867766351115948,1.1681238224311752
47,2.953542014774011,0.47479492532355444,1.2833060591804737,1.1954410343754047
48,3.034151322987615,0.4895545165149533,1.287763745809088,1.2568330624882056
49,3.0839535788613923,0.5361926662070411,1.5092876510960715,1.038473250002277
50,3.0698330852450155,0.5685805690531828,1.5656674254913718,0.9355850934374089
51,2.975646028713304,0.5816712230443954,1.5299191310697673,0.8640556776401948
52,2.963047593223805,0.5933560987516325,1.430433387659034,0.9392581092459815
53,2.9685964401887386,0.6009188784020287,1.314723402261734,1.0529541592208707
54,2.920758770436657,0.5450865656745677,1.3003246984919723,1.0753475001880102
55,2.789732254281336,0.45533889790578763,1.4631201667445046,0.8712732004267829
56,2.7502367253206215,0.4043231954684063,1.5739651170312141,0.7719484141894749
57,2.7386449757887394,0.38698852047020077,1.4836144362177168,0.8680420286801397
58,2.7400636113419825,0.3644055781923995,1.3737518465032383,1.001906188775082
59,2.7356830555565503,0.3559070396028003,1.3372784092718242,1.042497607822321
60,2.640766687539159,0.28867734238809467,1.4408476614222234,0.9112416876822101
61,2.475733243689245,0.15316439503613782,1.4748975695395956,0.8476712767566953
62,2.4153740126259473,0.14995376043477837,1.3448839984378036,0.9205362559581289
63,2.413293514932905,0.14345897563105944,1.345835155370284,0.9239993901277075
64,2.4001076525571396,0.12622846507144217,1.4127776963370187,0.8611014877655068
65,2.4161676594189236,0.12866216768719713,1.4049043253976472,0.882601160784157
66,2.3936643928897623,0.11763640306890011,1.361970422219257,0.9140575725813301
67,2.371460213953135,0.10705025239410448,1.3821510052194401,0.882258957137867
68,2.3497619276144066,0.0971431241807889,1.3360829809490515,0.9165358187592759
69,2.3403356975438645,0.09582520846505554,1.3478557820222816,0.8966546958806564
70,2.3250973431431516,0.09222967458926902,1.316463323880215,0.9164043494633266
71,2.308729349350443,0.08130242953038945,1.3210832628668572,0.906343648020102
72,2.2990516217387453,0.07801286393434417,1.3131242905344283,0.9079144785598833
73,2.2879179582303886,0.07221200104270663,1.3037273336429984,0.9119786212638933
74,2.2827118185101725,0.06923263742379387,1.3036023110759503,0.9098768729944618
75,2.279320167035473,0.06772330410930576,1.306566490202534,0.9050303718873433
76,2.277148743065036,0.0694511786901525,1.3049518636294775,0.9027457024369921
77,2.2775760171364765,0.06856638080991652,1.3039369437159325,0.9050726902728178
78,2.274920312725768,0.06556823655810891,1.302850245213022,0.9065018427007052
79,2.275195462363107,0.06681402113136588,1.299332327988683,0.9090491077121423
80,2.2446708241287543,0.04541753304704112,1.288870641771628,0.9103826488159141
81,2.242383651587428,0.0421279615114386,1.298673653480958,0.9015820297051449
82,2.243496045774343,0.04220674569927612,1.301590781430809,0.8996985098537134
83,2.2376719202314104,0.0399283930393202,1.2974703263263314,0.9002732026333712
84,2.2326991387775967,0.038332673854061534,1.294746494414855,0.8996199722192726
85,2.229141372807172,0.03871471065153577,1.2920006574416647,0.8984260008651384
86,2.2254063365410786,0.03915829314109014,1.289716260773795,0.8965317771142843
87,2.216814920610311,0.03775097323315484,1.2834926430059939,0.8955713103012163
88,2.2181973651963838,0.0400270074320843,1.283699703459837,0.8944706533636365
89,2.2142483652854454,0.03797712877430782,1.2927733635415837,0.8834978700900564
90,2.214052567676622,0.038684270829342456,1.3009808355448198,0.8743874564462778
91,2.212085935534263,0.038097882073144525,1.2897502810371166,0.8842377699151331
92,2.2112120608894195,0.039171317202628265,1.2842478837285722,0.8877928637120188
93,2.211249193366693,0.039676324131765535,1.3044147321156092,0.8671581416713948
94,2.214934671411709,0.04205802083015442,1.2968580996503636,0.8760185588379296
95,2.2403049517650993,0.05205830618054891,1.3039021376444369,0.88434450723687
96,2.2304540349512685,0.04437152539588967,1.3152316790454242,0.8708508364400085
97,2.2250563940223382,0.039508152306459994,1.296640652783063,0.8889075873457656
98,2.2244915804084466,0.037235572934150696,1.3001361726498117,0.8871198320875362
99,2.2175605394402327,0.03520748636932397,1.3077856332671887,0.8745674144248573
100,2.2098245146323223,0.03121579056415631,1.295689649119669,0.8829190737130691
