epoch,total_loss,vq_loss,atom_loss,chiral_loss
1,7.7794139208391195,2.5632945896719423,3.21512419595133,2.000995142685483
2,5.738981996960653,3.238330673378752,1.4872166087560337,1.0134347135301136
3,6.424402849143728,4.143720736893852,1.3200625240650323,0.9606195906239092
4,6.5525965199751015,4.267474826568228,1.3010802837588904,0.9840414071326975
5,4.185411886790829,1.817500108838691,1.2849723283592087,1.0829394531371954
6,4.02616069261985,1.634483732340281,1.3127123849166324,1.0789645731906452
7,4.541955393903396,1.9705575554038557,1.4012399097842634,1.1701579264667639
8,4.124742290552924,1.6560545490525873,1.3502644648027542,1.1184232734963107
9,3.0844288878428663,0.6544845601176972,1.4162057984210645,1.0137385310571823
10,3.8693232560706567,1.4101840290514862,1.3890762976978137,1.070062927120482
11,3.2891382152772013,0.909276556576152,1.3358318029767107,1.0440298533805497
12,3.2612196097288595,0.8353618210386438,1.3701511842515461,1.055706600932514
13,3.73876832787643,0.9628207582951812,1.4947206121881296,1.2812269480179643
14,5.547898666937943,2.9328951515314525,1.4578702902549978,1.157133223226918
15,3.278038426433378,0.7712639811713143,1.3546536711170851,1.15212077245383
16,2.6313622683820213,0.1366810162153924,1.4035274557140478,1.0911538049083231
17,3.0013751544610923,0.5256716959235613,1.4363839152219045,1.0393195390091527
18,2.9944890475334107,0.4462790367529368,1.4742038188992863,1.074006195492147
19,3.5873131078222524,1.0209935075029388,1.5248112126689433,1.0415083848302016
20,3.4141934890576335,0.9255228592344867,1.4262482267816354,1.0624223991733073
21,3.9652546171642022,1.4762535992142793,1.5376903213503417,0.9513106952085519
22,2.6806797514791074,0.36036983658285704,1.4212665044133315,0.8990434189434247
23,6.410389169402745,3.9453581288037705,1.4277962315113037,1.037234807258372
24,4.353534596960258,1.9713766297416004,1.3037981959560034,1.0783597741590436
25,3.5351404597997056,1.2480114732709382,1.2848362256498898,1.0022927641563708
26,6.859066250074245,4.486165870638454,1.367967521595528,1.0049328580689247
27,5.039715601964985,2.313836361917541,1.5297887845112539,1.1960904518204272
28,5.293237405969664,2.5346888647131296,1.439491170446586,1.31905737694572
29,3.3311551028810196,0.7628099358333346,1.475794521743989,1.0925506408257253
30,3.7012234340848216,1.1655281961078534,1.4719274847403816,1.0637677577907776
31,3.2188662628993354,0.8184537626612369,1.4316854094300429,0.9687270916179013
32,4.7888901306845035,2.284426093063391,1.5078883704626957,0.9965756702453584
33,3.0149495717509627,0.558556446696029,1.4685766535341893,0.9878164759224943
34,4.745336815219401,2.297731449441684,1.4128719972222663,1.0347333704419148
35,4.9741945565509065,2.2037900777919517,1.4739685148534263,1.296435967125856
36,2.816659624924135,0.21906615421175957,1.4752024477705017,1.1223910198644604
37,2.631045942111393,0.19483219934127216,1.4023407389745688,1.0338730017090088
38,2.830051662062135,0.4535122290348915,1.3648180688738518,1.0117213656682797
39,2.4998626553494,0.17318806545737456,1.3634132896847737,0.9632613005693001
40,7.119130136411818,4.849452015079196,1.327807602979948,0.9418705110354801
41,6.4767715010191775,4.1428973061196945,1.3974261616197083,0.9364480302309441
42,5.1319259030129905,2.6553030404288447,1.3254782821211364,1.1511445639993223
43,4.026245798906097,1.6546858908117885,1.3404502155225906,1.03110968586429
44,6.315314678584828,4.081351550338823,1.2661168796327107,0.9678462525005536
45,4.51710508058748,2.2879925336298124,1.2785088439731647,0.9506036965438472
46,3.3795208333398374,1.0933803952944554,1.298874208994229,0.9872662234489266
47,3.250039979015165,0.9454878742432655,1.3110310165473567,0.9935210860141402
48,3.0783495055440135,0.8871918815328642,1.284326430781723,0.9068311849213622
49,5.577573074709119,3.0509147774475767,1.3663889718482563,1.1602693194775935
50,2.9510237634029535,0.5193296260179003,1.482473135909156,0.9492209988939183
51,4.3505046468256685,1.9857539596498166,1.5323121332756393,0.8324385594071635
52,3.4791097064762164,1.079410998679488,1.443603241535099,0.9560954729309472
53,2.815046106153132,0.41543217959916195,1.4722709367647195,0.9273429896368091
54,2.753756105137603,0.45323246375412285,1.3536833666474617,0.9468402736022344
55,4.650200204471188,2.2566742754881948,1.3542588937008166,1.0392670306708196
56,4.531458933335131,2.177564533470232,1.3694140679391145,0.9844803198829026
57,6.603088149634163,4.180545166401607,1.4083770877869843,1.0141658834789111
58,6.441645950917393,4.1058539367087965,1.3318364016540216,1.0039556047800557
59,8.414669820719668,6.128550123833024,1.3231875369006105,0.9629321756112911
60,10.459295786250278,7.985215335855703,1.395835859848715,1.0782445807896002
61,4.903023583199972,2.1334652156781053,1.5967665090585303,1.172791861893271
62,6.978922379291271,4.3594584493228545,1.4160244402373234,1.2034394833285484
63,4.214018528723655,1.5906764739157293,1.4057957854722163,1.21754626735397
64,4.489599426384167,1.9582574118662368,1.3655836387058657,1.16575838324359
65,5.131942306333186,2.762300309889457,1.3294004735434453,1.0402415217188619
66,5.9019445836391595,3.472528721441698,1.3971933435905926,1.0322225141098431
67,7.2671765546359675,4.731998220733974,1.3229519590697325,1.212226375365806
68,4.929887660628999,2.339004782440565,1.3910665781144291,1.1998162969298984
69,6.578068292659262,4.004477435794404,1.3011842542292211,1.272406620747598
70,4.189868765413913,1.7449693321190831,1.4616797981054888,0.983219643687958
71,7.040585593189425,4.64320380212096,1.4732105756354759,0.9241711921856531
72,3.309731047476649,1.0082311988296107,1.4035445779485776,0.8979552624475621
73,4.97630534300109,2.7768071350234242,1.2660644251062436,0.9334337775359678
74,6.076367890743343,3.6615033210695858,1.3871134261950813,1.0277511499574423
75,5.850238916209287,3.228451172028051,1.4083852375407353,1.2134025202077978
76,4.952566915765748,2.62501569118951,1.3269210939517107,1.0006301271183717
77,3.495374689931455,1.0854554873941196,1.2869729991154293,1.1229462080904284
78,4.3095443181674495,2.023991833600547,1.3117365038303463,0.9738159757440962
79,6.2393159689500814,3.869329542836265,1.3339963444053669,1.0359900779736317
80,4.172245773817877,1.905084875157422,1.2758819180376388,0.9912789821472314
81,3.1156054829697473,0.9026994941103489,1.2604241727868004,0.9524818249523183
82,3.070315346998327,0.8078986441768954,1.2670946499270856,0.9953220597923259
83,4.370858706476743,2.0637485920773138,1.2793798510680723,1.0277302659990843
84,3.9156765876828556,1.537760416183935,1.3541099052599934,1.023806271345719
85,3.4979922512303228,1.2357700230634732,1.3043066690035183,0.9579155593729385
86,3.087287194283722,0.7797008428122382,1.355947191453041,0.9516391598660013
87,6.324945328180747,3.9631858292366844,1.385194876919622,0.9765646301419534
88,3.451606055049945,1.0944990950548434,1.3662952829504866,0.9908116809699846
89,3.436026294213122,1.0571937469951331,1.3844180357120837,0.9944145097909376
90,3.4266535930926234,1.114939026991882,1.3222540120029693,0.9894605532021779
91,2.5855330018436207,0.2944877738385554,1.3188354510175602,0.9722097697465316
92,2.6043515473680423,0.285581653971044,1.32995162062023,0.9888182621630256
93,2.6605906331020854,0.401097169045902,1.324954362933898,0.9345390984926687
94,6.361982655952044,4.082342412427563,1.300159633921845,0.9794806030095385
95,5.768285796770354,3.2891169003665905,1.4567997536390944,1.0223691420024619
96,3.1817710832561676,0.7967946946316058,1.3011795692431651,1.0837968209058122
97,2.568929183208729,0.2311266705470012,1.2690769903495183,1.0687255245035567
98,2.7946057648914855,0.5094377783405811,1.2734265222268946,1.011741468211269
99,2.8520891577996257,0.5642676875947992,1.2998483886804117,0.9879730834680445
100,6.489181131353159,4.156014758378953,1.3371297839809866,0.9960365867065957
