epoch,total_loss,vq_loss,atom_loss,chiral_loss
1,8.426957248117002,2.6504216297813086,3.2542121302136375,2.5223235183054835
2,6.621448404038959,3.002049335128511,2.3195449103174917,1.2998541569160988
3,5.787099243125038,2.7510337448485975,1.9055368990239585,1.13052860306352
4,5.907888924984066,3.08450179941514,1.7317599550537441,1.0916271755457534
5,5.272994464010838,2.604974812101525,1.5441758649428483,1.1238437817834528
6,5.002268893029684,2.008413813722408,1.6539582962270283,1.3398967853287602
7,3.849254449310205,1.3748003828251147,1.4022332272871072,1.0722208337863084
8,4.988097575619397,1.7834995835257308,1.6340571578658756,1.5705408319792784
9,4.024677769302407,1.1707179068642504,1.5008307564289063,1.3531291133455
10,4.014946495175667,0.9149931610545234,1.7060066087319112,1.3939467195202322
11,4.100651559012626,1.4453148013338104,1.5054706309152686,1.1498661185317027
12,3.8518231543128754,1.1360281553795881,1.543649850675212,1.1721451428082899
13,3.7594609763616185,1.1886367262591182,1.4807163080595949,1.090107943243383
14,4.788784906992217,1.4246283018451822,1.8634591752763294,1.5006974472109313
15,4.26058335651827,0.7411279842791045,1.935197002595038,1.5842583708827147
16,4.737478311409426,1.956608415907606,1.683031494202821,1.0978384142946405
17,3.5982182257620576,0.6942708534962686,1.654228716555154,1.2497186582259205
18,4.6013256482151155,1.149273763951438,1.9844614486102863,1.467590436301268
19,4.159166700089984,0.9867886652422073,1.8643765190373296,1.3080015160391092
20,3.4896454170841693,0.4701601966758213,1.7656230885354454,1.2538621273949324
21,2.6909136744716284,0.19909266155699026,1.5259725422505528,0.9658484724933839
22,2.673467246467805,0.2230104579521186,1.4757300196096415,0.9747267714546769
23,3.1396117250022986,0.5115820327130578,1.571638102802779,1.056391592906869
24,2.643889969876965,0.2146458849167961,1.3760121871748239,1.0532318994669658
25,3.5579314509316173,1.0800137610348595,1.4374026067726446,1.0405150776171623
26,3.4569310587080544,0.779149216821279,1.5895209692018417,1.0882608732756447
27,2.681041694967948,0.16124745724184433,1.520150022433542,0.999644220103998
28,2.5419369850622116,0.11957733690872065,1.4185193415797885,1.003840297460556
29,2.5840961576422767,0.14924602702622067,1.4785602346558095,0.9562898962698934
30,2.771346568756396,0.36649848248742883,1.4294980611947492,0.9753500242977191
31,3.2610491133102064,0.8401710647718071,1.4782872667245548,0.9425907838527504
32,3.1446377310301643,0.7479782236354126,1.4626146082378104,0.9340448977087464
33,3.914696541893513,1.4628003507928775,1.4580075867340694,0.9938886085587084
34,4.441343439509497,2.0206026449380325,1.4282169689607742,0.9925238338425336
35,3.592397255665811,1.1868417568676306,1.396334958655755,1.009220540828412
36,2.647780679071041,0.20779295745865464,1.461450047962501,0.9785376799380993
37,3.0124104382741788,0.6387808520699401,1.3889633107673176,0.9846662729597457
38,5.584716560285719,3.2482048845504554,1.3496785464189243,0.9868331346517939
39,4.003257751464844,1.6115306852113864,1.4064575444401988,0.9852695247096479
40,4.01357730788648,1.3014392584676633,1.5201421482178865,1.1919958987046995
41,2.668226811282165,0.1518857124764139,1.3946748677726901,1.1216662304328227
42,2.6039500050532545,0.25015664012040323,1.3536225427751956,1.0001708195185113
43,4.35190422059325,2.0716445654097115,1.276517126871192,1.003742536163086
44,3.42505442120535,1.1486483631307816,1.2961699552548207,0.9802361060591305
45,5.469226093853221,2.9299612372275203,1.3988458014967498,1.1404190634370155
46,5.214615211157542,2.8069461275397054,1.3814391887858701,1.0262298919355777
47,4.860168082939694,2.4344891467134055,1.4895230978346237,0.9361558380486715
48,3.119166843421624,0.6583057170366997,1.4086152045318232,1.0522459248447662
49,2.494788982679167,0.16648863676144643,1.3560296322988428,0.9722707148098275
50,2.4081199007570895,0.14944523735367277,1.3298017862812637,0.928872875164232
51,4.665182787439098,2.181998905451859,1.426176251200459,1.057007628938426
52,3.6134432197531776,1.1005422686086135,1.5572490048835346,0.9556519516441219
53,3.4747069961274675,1.0400166636728265,1.436134104686015,0.9985562219949025
54,4.145075388881557,1.8340402035723866,1.325720035663956,0.9853151425376268
55,3.9912185318329754,1.4997730441486743,1.5270956238669813,0.9643498646176379
56,4.36458094437104,1.8693310769794085,1.4897414990093396,1.005508374603813
57,2.6486409951353926,0.2669875599024698,1.4373207880407952,0.9443326520035639
58,2.499022583827338,0.16773656293597367,1.3778767730573864,0.9534092528740769
59,4.876791220491804,2.5241898092848567,1.391971137669995,0.9606302705262323
60,7.795003711719952,5.555779167910671,1.3420510502422558,0.8971734713105595
61,5.220359931516525,3.0311683184655425,1.2789331386461282,0.9102584731091014
62,3.9013190860943414,1.6871211970858562,1.2798076654639086,0.9343902300233426
63,5.662176718187454,3.455777093577568,1.2617550411492662,0.9446445832319577
64,4.955820578138542,2.526568196885421,1.3429751246786483,1.0862772614144913
65,5.299355434944562,2.9504616078360915,1.3226636693910565,1.026230156192999
66,4.035760126760244,1.7780246211744635,1.2841508095831518,0.9735846934111222
67,2.7409102907571037,0.5382497966137079,1.2375281968385057,0.9651322986006432
68,3.3917599084127286,1.1017794909760774,1.2750343666662036,1.0149460538573887
69,3.8610635111703897,1.5150898586758568,1.3258879587168584,1.0200856940825578
70,3.4360394602846305,1.0745516477719597,1.3697763175305808,0.9917114956299667
71,3.854713860680075,1.4868724635418724,1.3860108442318715,0.9818305498956109
72,3.704984353326471,1.4064576652501246,1.3416967395016604,0.9568299466691663
73,3.524424062970349,1.2875584449304645,1.2880344171353313,0.9488311959502033
74,5.293268365018508,2.89290208767747,1.3381448682311856,1.0622214154361764
75,3.1609047014085228,0.7414478373801922,1.4195053277113248,0.9999515293809154
76,3.0342707030303644,0.6870491308019594,1.3853820083696213,0.9618395651545366
77,3.3329185994384845,1.0284771009365006,1.3580937428242714,0.9463477566876375
78,2.901990530435996,0.607304616523978,1.3125296132948698,0.9821562967489442
79,4.556700617760954,2.276644737443046,1.2969796178895798,0.9830762627332107
80,3.386772343264821,0.980572501678601,1.3338830123472092,1.0723168285911346
81,2.6267058169445416,0.3300287834633037,1.320323610397251,0.9763534252753343
82,2.5108208128863283,0.21922163509994821,1.349385820386355,0.942213361754137
83,3.1771687260064323,0.8435369080737652,1.386906569723583,0.9467252371713634
84,3.610653864453211,1.2264515768993847,1.3883066367920098,0.9958956503807126
85,5.309007684897889,2.9107674789398224,1.3835405788153334,1.0146996307251093
86,4.72215163982128,2.334283796341523,1.3305220652724166,1.0573457686797432
87,2.9987432877425952,0.7148332987218866,1.3565457698024448,0.927364213616037
88,2.6117949595536722,0.39600416507257524,1.259882982124758,0.9559078122801183
89,5.749093030419801,3.2963344548516873,1.3528674057377574,1.0998911754706937
90,3.343555819652879,0.8244695287302631,1.4875628370458207,1.0315234502563086
91,2.934019359786187,0.4600677266812233,1.35165155185458,1.1223000768200515
92,2.727631933243988,0.3869953528380074,1.3206755137809403,1.019961065267358
93,2.5180619464201084,0.23636462248366355,1.3111522888283595,0.9705450368659271
94,3.9457371750146226,1.6326859297273715,1.3229658442080174,0.9900854041661753
95,4.244158011263289,1.658038885163529,1.5050446715806147,1.0810744527660672
96,6.236266310867446,3.6014773772500663,1.5254845347855708,1.1093043872462514
97,5.303929077085022,2.229419039109784,1.734303749354599,1.3402062841236133
98,5.28461096658731,2.3851226552215685,1.7269138718200157,1.172574444423856
99,4.119809232709353,1.620460747071849,1.4199204697938221,1.079428019426058
100,5.4097719268725655,2.7465340462334624,1.5100326475584904,1.1532052278976002
