epoch,total_loss,vq_loss,atom_reconstruction_loss,chiral_reconstruction_loss
1,17.586779380331233,1.7161672814768187,7.955733253031361,7.914878791692305
2,15.215047529765538,1.131061046707387,4.960510110368534,9.12347641283152
3,11.844347530481766,0.7796148350652383,3.759392828357463,7.305339842426534
4,5.763161671404936,0.4281289837494188,3.5339464715548923,1.80108620500078
5,4.573245552121376,0.2596526519984615,2.435752968398892,1.8778399216885469
6,4.185389535767691,0.19924721456303887,1.851098781945754,2.1350435432122676
7,3.9997523609472783,0.18897172413310226,1.6285636230390899,2.182217004347821
8,3.8941510149410794,0.18283398761128894,1.6939665973186493,2.017350423092745
9,3.7331249482777653,0.17592806916455833,1.709068855460809,1.8481280110320266
10,3.6111681376184737,0.17837480349200113,1.7576267238782377,1.6751666099441296
11,3.3257568381270586,0.1788604479207068,1.6339780548397376,1.5129183409165363
12,3.112044639733373,0.17112051748803683,1.543916176168286,1.3970079543639202
13,2.9925722346013908,0.16403295046516828,1.4934602124350411,1.3350790629581528
14,2.8409610293349443,0.16147071305586366,1.3907246626153285,1.2887656445405922
15,2.7236884990516974,0.1631145188394858,1.3553029037251765,1.2052710828732471
16,2.604381743742495,0.1655203495554778,1.3580055376704858,1.080855861002085
17,2.56088802035974,0.18010772620232737,1.3809743529679823,0.9998059519091431
18,2.5435080297139225,0.18882668292035862,1.3874232963639863,0.9672580549911577
19,2.5159735898582305,0.20480286983811125,1.3668291672151915,0.9443415579747181
20,2.5489980541929906,0.2141451688141239,1.4511475088645,0.8837053842690527
21,2.6060158659000785,0.23030342237681758,1.4714184190545763,0.9042940130647348
22,2.612575183109361,0.23556556833945974,1.4533149314169982,0.9236946759783492
23,2.595900466247481,0.25543613260497855,1.3801161470461865,0.9603481846196311
24,2.6104991168391947,0.2671731421533896,1.3641432031076781,0.979182772490443
25,2.60791253921937,0.28359847819926787,1.3309349837351818,0.9933790956832924
26,2.6036611102065264,0.286604322188971,1.332538292724259,0.9845185036561928
27,2.644910432854477,0.3125917476658918,1.420082867753749,0.9122358256456803
28,2.6178078687920863,0.31685486253427,1.3468645719849333,0.9540884461329908
29,2.653168775597397,0.3415158397080947,1.3832978800851472,0.9283550533713126
30,2.6908834917204723,0.368729366939895,1.3452971407345362,0.9768569773557235
31,2.7060093672908083,0.3991061152548206,1.3437313911866169,0.9631718540070008
32,2.7368393917472993,0.4235926419496536,1.386608900464311,0.9266378414265963
33,2.801682970961746,0.44706722987549646,1.3830209702861553,0.9715947715603576
34,2.892160596896191,0.47260485528683177,1.3746480297069161,1.0449077003464406
35,2.959984381588138,0.4996672923467597,1.4044196094785417,1.0558974621247272
36,2.928137407010915,0.5068953195396735,1.4374053283613555,0.9838367512031477
37,2.953228099005563,0.5324564424096322,1.4151674703675874,1.0056041947432928
38,2.8957950351189594,0.5362229982809145,1.335608962847262,1.0239630679086762
39,2.879946923985773,0.5579181830493771,1.3900905677250452,0.9319381938905132
40,2.855699300765991,0.5889328173836883,1.277147157459843,0.9896193326127772
41,2.8426843017947916,0.6227277340937634,1.2733806456838335,0.9465759329649867
42,2.7948176702674554,0.6551727807643463,1.3160173284764192,0.823627561939006
43,2.80998843056815,0.6957823682804497,1.2291788136472508,0.8850272449911857
44,2.9186878180017275,0.7357964828914526,1.2055870470952015,0.9773042892314949
45,2.9756492595283355,0.7318331687426081,1.308757595261749,0.9350584900500823
46,3.0445881631909586,0.7795977744520927,1.3412229376179832,0.9237674511208827
47,3.0141592743445416,0.7955826974036743,1.3605878626813694,0.8579887148677087
48,3.0802065365168514,0.8319068864292029,1.403014137428634,0.8452855126590145
49,3.1970883364580116,0.8531699816183168,1.5307563050669066,0.8131620400414175
50,3.309207108556008,0.8652877497429751,1.5611667085667045,0.8827526541996975
51,3.3046830576293322,0.8836512443970661,1.497299306246699,0.9237325237113603
52,3.3827956391840566,0.889585659516101,1.5583541557496907,0.9348558376030046
53,3.408127034197048,0.878425312589626,1.5647476090460408,0.9649541210763308
54,3.3404883389570275,0.8556945266164079,1.5343856495253894,0.9504081692014422
55,3.4429381015349407,0.8801160786224871,1.6080933809280396,0.9547286428967301
56,3.585748738172103,0.9366100354462253,1.62365536787072,1.025483336071579
57,3.7141930108167687,0.9156633128925246,1.6770236698948606,1.1215060280293834
58,3.7213292146215635,0.8929654739949168,1.7110098180722217,1.1173539106943169
59,3.7238397841550865,0.8391184928465862,1.7332240495146538,1.151497253349849
60,3.77705729980858,0.8688710049098852,1.7281765475565074,1.1800097506873461
61,3.7631959173144125,0.8529019310158126,1.5569750131392965,1.3533189831947794
62,3.709970031465803,0.8280863400016513,1.6151237864883579,1.2667599010224244
63,3.473267977335015,0.6889944073497033,1.5506829108510698,1.2335906557890834
64,3.3306208873281675,0.6826866001498942,1.585023352078029,1.0629109278017161
65,3.2732817859065775,0.7271442160922654,1.5547652822367999,0.991372292747303
66,3.2498920474733626,0.7618133887952688,1.5184672730309623,0.9696113792609196
67,3.250912609148999,0.774960134406479,1.5526063636857637,0.9233461049746494
68,3.290591209518666,0.8138791553828181,1.548406926344852,0.9283051238376268
69,3.241084895571884,0.7736838350490648,1.5042411411295131,0.9631599303410978
70,3.187312684497055,0.7257680479361086,1.5598164796829224,0.9017281599190771
71,3.1737848459457862,0.721781892131786,1.5004159844651515,0.9515869608338998
72,3.1606652310916354,0.7171202989257112,1.4665486703113633,0.9769962755393009
73,3.1634837839068197,0.7266481391021183,1.4573819442671172,0.9794536926308457
74,3.168452350460753,0.7380546787563635,1.4484319042186349,0.9819657683980708
75,3.1924949738444113,0.7548303047613222,1.4442181769682436,0.9934464793424217
76,3.208299707393257,0.7718259458030973,1.4305252408494755,1.0059485155708936
77,3.301508219874635,0.8255493184741662,1.4599394171821827,1.0160194784402847
78,3.35214643332423,0.8598164101036228,1.4508334830099223,1.0414965517666874
79,3.3700373075446306,0.8564256928404983,1.4967615659139595,1.0168500393629074
80,3.4317929623078327,0.8820907059980898,1.5455634606127837,1.004138777146534
81,3.5054734847983537,0.9048947047214119,1.5006541111031357,1.099924667149174
82,3.6064910097998015,0.9473416257877739,1.5516203879093637,1.1075290027929812
83,3.739694815509173,1.0366431648025707,1.6553132187347024,1.047738430755479
84,3.9153585762393717,1.17654449781593,1.6714135262430931,1.0674005400161355
85,4.051078536072556,1.2487401560861238,1.645238263874638,1.1571001106378984
86,4.183201668213825,1.3253628283130878,1.6987814568743413,1.1590573812017635
87,4.281817226993795,1.3740285026783845,1.7791672470618267,1.128621471779687
88,4.337981849300618,1.40765744326066,1.7608429248235664,1.1694814714850212
89,4.382536919749513,1.4185133844005817,1.7438023954021686,1.2202211466370796
90,4.343704038736772,1.3448462443692344,1.7174819312533554,1.2813758710209204
91,4.265442624384043,1.3060529864564234,1.7157052560728423,1.2436843715151962
92,4.4270225349737675,1.3965035810762523,1.8008839463701054,1.2296349984042498
93,4.452110171318054,1.3589469547174415,1.819594074876941,1.2735691344251439
94,4.4713802775558165,1.355742692339177,1.7742664485561603,1.3413711238880546
95,4.490737812859671,1.255279994740778,1.8878593651615843,1.347598452957309
96,4.501924475845025,1.1838860116442855,1.9712307149050188,1.3468077438218253
97,4.437205604144505,1.1238280759782207,1.8480333959569737,1.4653441395078386
98,4.50812595717761,1.163218689208128,1.9166021377456433,1.4283051283992068
99,4.379675183977399,1.087705714970219,1.7938228371191998,1.498146617290925
100,4.428101393641258,1.1164684435542749,1.9039066488645515,1.407726312778434
